119 120 122 121 117 118 121 121 139 144 145 142 140 141 139 136 139 136 135 141 144 143 142 143 146 141 141 143 143 143 144 141 140 137 137 140 141 141 143 147 142 143 143 142 144 146 146 143 137 126 128 136 137 ;
120 119 122 120 117 118 124 127 145 145 144 140 138 140 140 141 142 141 142 145 147 144 143 145 144 139 140 142 141 142 143 141 146 145 145 145 145 145 147 150 148 148 147 145 145 147 147 144 137 125 127 135 137 ;
121 117 121 122 118 120 129 136 147 145 143 142 142 142 143 146 144 142 145 148 147 144 144 146 147 142 143 146 145 145 146 144 146 146 147 145 143 145 147 149 150 150 147 144 144 145 145 144 140 130 129 134 138 ;
119 117 121 123 118 121 134 143 147 144 145 148 148 145 144 148 146 144 146 147 148 147 147 149 151 146 148 150 149 149 151 148 143 146 147 144 142 145 148 149 148 148 146 144 145 146 146 144 144 138 134 133 135 ;
118 117 122 125 122 124 137 149 149 147 148 153 153 147 145 148 153 149 146 148 150 152 152 152 151 147 149 151 150 150 152 150 146 149 150 147 144 147 149 149 147 148 147 146 146 147 147 145 143 143 140 137 138 ;
118 120 126 127 125 131 144 150 153 150 149 152 151 147 148 151 154 150 147 147 149 151 150 149 151 147 150 152 150 150 152 150 151 152 153 151 148 148 149 150 147 147 147 145 145 146 146 145 143 149 149 145 146 ;
120 123 129 128 129 137 149 154 153 151 150 151 151 149 150 152 151 149 147 147 148 148 148 146 151 148 150 152 150 150 152 151 153 151 150 150 149 148 148 150 147 147 144 142 142 144 145 145 145 153 152 147 152 ;
120 127 131 130 130 143 156 158 150 148 150 151 152 152 154 154 150 150 150 149 149 148 148 147 150 147 149 151 148 148 151 150 153 149 148 151 151 148 148 151 149 148 145 142 142 146 148 149 146 152 148 142 149 ;
125 125 127 131 140 148 153 156 150 150 150 152 152 152 153 154 153 150 150 151 152 151 150 149 149 150 148 147 148 145 146 150 153 150 150 151 152 152 150 148 149 145 141 142 146 148 142 134 133 134 149 143 140 ;
125 127 130 134 144 153 156 157 154 153 154 154 155 153 153 154 159 157 156 153 153 148 148 145 147 150 150 151 153 148 145 149 152 150 152 150 152 149 150 146 149 148 146 144 146 144 140 135 125 123 128 132 139 ;
126 129 132 135 146 158 160 157 160 156 156 157 157 153 154 157 159 160 159 156 155 152 152 151 153 154 153 153 155 153 151 152 152 152 153 152 152 150 151 149 149 150 149 145 146 144 144 140 135 126 111 121 145 ;
125 128 131 134 145 159 164 159 163 159 159 162 160 155 157 160 159 160 161 159 157 157 158 157 155 156 154 154 157 157 155 158 154 154 158 156 156 153 152 153 148 147 147 145 146 148 151 150 150 140 104 109 138 ;
124 127 131 133 146 161 166 161 164 162 162 163 161 160 163 165 163 163 164 160 158 159 159 157 151 154 156 157 160 159 156 157 157 158 161 160 159 155 154 154 152 148 147 142 146 149 155 153 154 157 122 119 141 ;
123 128 132 136 147 159 166 163 164 165 164 163 162 163 167 167 165 165 163 160 157 159 158 155 152 156 154 152 154 156 158 162 161 161 161 160 157 155 153 152 156 153 148 144 145 148 149 147 143 162 146 144 158 ;
124 128 134 139 148 157 163 165 165 168 167 162 160 165 170 168 168 166 162 159 160 163 161 157 153 158 157 153 154 156 159 164 164 162 160 158 157 156 156 154 156 155 151 148 146 145 142 137 129 144 138 144 162 ;
126 131 139 146 154 161 165 165 168 174 173 165 164 169 173 168 174 172 166 161 162 164 161 154 148 159 166 164 164 160 157 159 167 164 160 158 158 158 159 158 152 152 152 149 146 142 137 131 133 133 123 134 159 ;
134 136 146 146 149 160 184 168 159 176 173 171 177 176 178 173 168 170 168 163 167 160 164 159 167 161 163 154 159 163 172 168 176 165 166 169 158 152 155 156 153 147 156 160 150 141 131 137 140 137 128 138 157 ;
131 141 150 134 167 167 186 174 174 181 178 187 189 179 181 186 172 172 181 176 173 167 180 169 171 168 173 173 172 169 174 174 167 168 174 173 161 154 156 157 158 152 158 155 149 154 144 142 150 135 131 143 152 ;
145 152 149 149 178 176 168 163 169 175 175 181 192 195 200 199 190 189 190 192 180 183 192 181 184 173 170 178 178 179 179 178 176 173 175 173 168 170 174 172 169 165 171 173 163 169 164 173 158 130 133 143 152 ;
153 146 162 170 154 167 186 177 160 167 168 162 169 181 186 182 170 189 168 179 181 185 164 170 185 178 174 181 171 169 169 173 178 173 172 172 174 177 179 180 182 177 186 178 172 193 178 179 165 139 150 146 168 ;
147 165 192 191 222 235 255 255 255 255 247 243 251 255 254 244 237 219 217 230 204 210 220 204 193 176 166 183 195 203 183 164 164 166 171 173 168 159 161 170 173 143 162 168 170 179 155 175 153 143 152 132 158 ;
164 167 232 255 255 255 255 255 255 255 255 255 255 255 255 255 255 255 255 255 255 255 255 255 255 255 255 255 255 255 255 255 255 255 255 255 255 255 254 255 255 240 187 239 255 217 231 198 188 182 172 135 134 ;
137 155 213 255 232 233 230 237 246 227 223 225 244 255 255 234 238 244 255 255 255 255 255 255 255 255 255 255 255 255 255 255 255 255 255 255 255 255 255 255 255 255 255 255 255 255 255 255 255 255 254 220 169 ;
138 139 140 114 114 130 137 136 131 121 134 136 124 118 116 125 155 141 134 150 139 140 158 178 184 165 167 182 200 201 211 215 238 250 255 254 255 250 252 255 255 255 255 255 255 244 255 255 255 255 255 255 193 ;
131 143 142 135 153 170 148 163 165 166 170 174 177 179 176 174 174 172 166 169 162 163 156 157 155 158 158 154 151 151 146 140 147 125 117 112 122 136 131 128 123 115 130 137 150 135 149 161 203 230 236 230 204 ;
131 120 138 124 186 172 163 161 181 171 173 182 184 176 175 182 178 174 172 174 172 172 169 170 173 168 164 162 166 171 173 171 180 177 177 171 161 161 160 162 168 164 159 155 178 172 161 152 138 124 114 164 210 ;
123 132 138 141 160 159 141 160 168 171 176 180 184 181 179 176 176 169 170 169 171 167 168 168 166 164 163 165 168 169 169 168 167 163 160 167 172 173 170 158 157 167 171 174 181 172 171 189 168 182 176 202 224 ;
119 126 132 122 148 152 148 157 152 159 168 170 172 175 171 166 170 165 167 162 166 160 163 163 162 162 165 167 164 160 160 161 164 166 162 170 171 170 175 167 172 165 166 166 156 177 180 155 177 206 194 196 209 ;
137 133 138 115 151 142 148 146 169 163 166 172 172 166 166 171 161 158 161 158 163 158 162 162 162 159 156 155 154 154 158 162 161 166 164 166 159 153 164 162 156 170 156 162 172 164 152 187 176 197 191 202 220 ;
118 125 126 137 144 146 143 161 159 160 164 165 161 158 155 157 157 158 160 159 160 157 160 161 158 152 146 144 148 152 153 152 159 156 152 156 159 161 162 156 162 161 158 163 160 172 165 157 169 170 169 192 231 ;
119 120 119 135 149 148 141 148 153 164 172 166 163 161 154 148 156 159 156 158 154 154 152 154 155 155 152 150 151 154 153 149 153 151 156 155 153 154 153 155 159 149 147 159 162 159 151 150 157 161 173 174 195 ;
111 118 114 130 146 159 153 152 159 159 162 164 159 151 145 148 153 158 153 158 151 153 149 152 148 155 157 150 146 149 155 156 151 146 155 152 150 154 152 156 153 162 157 153 155 150 142 141 142 146 169 165 174 ;
119 114 115 131 145 147 147 154 155 155 157 159 157 151 150 152 158 153 156 158 156 154 154 151 150 152 155 154 151 155 158 153 145 146 150 154 153 150 153 157 156 156 157 153 150 150 145 136 134 139 156 181 188 ;
117 115 120 131 151 154 151 148 151 149 150 153 153 151 152 154 157 153 156 158 155 154 155 153 151 153 155 154 152 155 155 148 138 143 148 149 148 148 152 153 150 151 153 153 150 151 146 137 132 139 164 166 213 ;
121 116 124 134 160 158 157 152 155 152 152 152 152 150 151 151 155 150 153 155 152 151 153 153 153 153 157 156 154 156 154 148 137 144 149 147 147 149 151 150 153 152 151 150 148 150 150 146 139 130 156 153 208 ;
116 111 131 148 174 159 154 147 155 154 152 152 152 151 150 149 152 150 152 153 150 150 153 153 154 152 154 154 156 156 157 151 147 149 150 150 150 151 152 151 158 153 151 148 147 150 151 149 156 130 146 163 180 ;
118 117 131 139 162 152 154 150 150 148 148 149 151 153 154 153 153 149 150 151 148 147 150 151 153 150 150 151 152 154 156 151 154 148 145 149 152 149 150 152 152 152 153 154 151 152 149 145 157 144 146 170 163 ;
119 124 132 129 149 149 156 155 152 150 150 150 151 153 155 154 153 149 151 152 148 147 149 148 155 151 151 151 150 153 155 153 156 147 144 151 154 151 149 155 155 152 154 155 153 153 151 149 144 156 159 159 160 ;
110 116 131 144 159 152 149 147 154 154 154 150 148 152 153 152 154 148 149 151 148 147 148 146 154 151 152 153 151 152 155 154 152 147 147 151 153 151 150 153 158 153 151 152 149 151 152 150 142 154 164 153 146 ;
118 109 118 144 156 145 143 157 149 152 150 148 147 148 152 151 153 148 149 152 150 149 149 146 148 146 150 152 150 151 154 153 147 147 148 149 149 149 149 149 152 148 149 150 149 148 147 141 140 129 154 148 119 ;
124 104 108 145 139 149 148 147 147 145 143 145 149 151 150 148 148 147 149 147 144 146 149 148 150 148 147 148 150 151 150 149 145 147 150 147 144 148 149 141 148 156 154 148 151 147 145 145 141 130 142 145 117 ;
119 110 114 136 134 146 146 148 149 145 143 145 147 150 151 149 149 144 146 146 144 147 148 144 147 146 147 148 148 148 146 144 143 145 149 149 145 146 145 139 146 152 150 148 151 149 146 146 150 134 140 146 122 ;
114 118 121 129 139 146 143 139 149 146 141 141 142 146 149 150 149 143 142 142 142 145 145 139 144 146 147 148 146 143 141 141 143 142 144 146 143 142 144 141 145 149 148 147 152 150 148 148 150 141 142 146 113 ;
115 118 116 118 143 150 144 138 144 143 139 138 138 140 145 148 145 142 142 142 141 143 142 137 143 146 148 148 145 142 140 140 144 140 141 144 141 140 145 147 147 148 149 149 154 153 152 150 152 149 150 148 112 ;
115 112 110 113 142 147 149 150 141 140 139 137 137 138 143 145 143 142 144 142 138 139 141 138 142 145 147 146 143 141 141 142 145 141 143 146 141 140 145 148 148 147 149 151 153 153 153 151 154 150 148 145 120 ;
113 110 119 129 147 143 149 151 142 139 139 138 138 138 143 145 141 142 145 143 137 137 141 140 141 142 143 142 140 139 141 142 145 143 147 150 143 140 144 144 148 144 148 151 151 151 153 151 144 144 148 140 120 ;