93 92 93 88 78 75 74 71 87 90 89 86 85 86 84 79 81 75 74 80 84 83 82 83 84 79 79 81 81 81 82 79 79 76 76 79 80 80 82 86 84 85 85 84 86 88 89 87 87 78 81 89 90 ;
94 91 90 87 78 75 77 77 91 91 88 84 83 85 85 84 84 80 81 84 86 84 83 85 82 77 78 80 79 80 81 79 85 84 84 84 84 84 86 89 90 90 89 87 87 89 90 88 85 77 79 87 88 ;
93 89 89 87 77 75 81 86 93 89 87 86 85 85 86 89 86 84 84 87 86 83 84 86 87 82 81 84 83 83 83 81 85 88 89 87 85 87 88 90 92 92 91 88 88 89 89 88 88 80 78 83 87 ;
91 88 88 86 77 74 83 91 91 88 89 92 91 88 87 91 88 86 85 86 87 86 86 89 91 86 86 88 87 86 88 87 82 88 89 86 84 87 89 90 90 90 90 88 89 90 90 90 89 83 79 81 82 ;
91 88 89 87 77 76 85 93 93 89 90 95 95 89 87 90 92 88 85 87 89 91 91 91 90 86 86 88 87 87 89 89 85 91 92 89 87 90 92 92 90 91 90 90 92 93 93 91 86 86 83 82 83 ;
89 89 91 86 78 79 87 92 95 92 91 94 93 89 87 90 93 89 86 86 88 90 89 88 90 86 87 89 87 87 89 89 90 94 95 93 91 91 92 93 90 90 90 88 91 92 92 89 85 91 91 88 89 ;
89 90 92 85 78 82 91 94 93 91 90 91 90 88 87 89 90 88 86 86 87 87 87 85 88 85 87 89 87 87 89 90 92 93 93 93 92 91 91 93 90 90 89 87 87 89 90 88 87 95 94 90 95 ;
89 92 93 83 78 85 94 93 86 86 88 91 91 90 89 89 87 89 89 88 88 87 87 86 87 84 86 88 85 85 88 88 92 91 91 94 94 91 91 94 92 91 88 87 87 91 93 92 88 94 90 85 92 ;
93 90 84 83 83 85 88 90 84 86 88 90 90 87 86 87 87 87 87 88 89 88 87 86 86 87 85 84 85 82 82 88 92 92 92 93 94 94 92 90 91 88 84 85 89 91 85 77 75 76 91 87 83 ;
93 91 85 82 83 86 88 86 86 87 89 92 90 86 84 85 92 91 90 90 88 85 83 82 84 87 87 88 90 85 81 86 91 92 91 92 91 91 89 88 91 90 88 87 88 87 81 76 67 65 72 76 84 ;
91 91 85 80 80 87 87 84 89 90 91 95 92 86 82 85 92 93 92 91 88 87 85 86 88 89 87 87 89 87 85 89 89 91 90 91 89 89 88 88 88 89 88 86 85 85 82 81 77 70 54 64 90 ;
90 90 84 77 78 86 87 84 90 91 94 97 93 86 83 86 90 93 92 92 90 90 91 90 88 91 88 88 91 91 89 92 88 91 93 93 91 90 89 90 85 86 84 84 83 87 88 89 92 84 47 52 83 ;
89 89 82 74 74 84 87 84 89 91 95 98 94 88 86 88 91 94 93 92 90 91 91 89 82 87 89 90 92 91 88 89 89 92 94 95 92 90 89 89 87 85 81 79 80 86 89 90 93 99 64 62 84 ;
88 87 81 75 73 80 84 84 89 94 97 96 93 91 90 90 91 93 92 89 89 91 90 87 83 87 87 85 86 88 90 94 94 94 94 93 90 88 86 87 91 88 82 78 79 82 83 81 80 101 85 86 99 ;
87 87 83 78 74 78 81 83 89 97 100 95 91 91 91 90 92 93 91 88 89 92 90 86 84 89 88 84 84 86 89 94 95 93 91 89 88 87 88 87 89 88 84 81 78 77 74 71 66 83 77 85 103 ;
88 86 82 79 75 75 77 82 89 98 100 92 88 91 90 88 96 96 93 88 89 91 88 82 76 87 94 95 95 91 88 87 95 92 88 86 86 89 90 91 85 86 86 83 80 76 71 65 67 68 57 71 96 ;
90 86 81 69 60 64 88 76 71 93 89 87 90 88 90 87 86 91 90 85 89 82 88 83 91 88 90 83 88 92 101 95 98 87 89 93 84 80 85 88 87 84 94 98 88 79 71 73 72 65 56 69 90 ;
79 83 77 48 71 66 88 80 86 92 88 94 94 82 84 92 82 84 93 89 85 80 93 85 87 86 91 94 93 90 95 95 85 86 94 95 83 78 82 85 86 82 88 85 79 84 74 72 73 57 53 67 78 ;
81 82 66 56 79 74 73 72 84 90 84 85 89 89 90 91 85 86 87 90 76 81 90 82 85 76 73 84 84 85 85 89 90 90 94 92 86 88 91 89 86 79 84 85 73 79 74 84 70 45 48 58 69 ;
82 71 76 79 58 73 98 96 85 93 88 76 74 81 85 79 67 89 68 79 81 87 66 75 89 84 80 87 77 78 78 86 99 95 94 94 95 95 97 96 95 88 96 85 75 96 79 84 75 53 62 58 78 ;
76 93 110 105 136 154 186 205 216 205 189 181 182 186 179 168 159 141 139 151 125 134 144 128 117 102 91 111 123 131 111 94 97 99 102 104 97 88 87 95 93 62 78 82 80 89 63 85 69 59 66 43 68 ;
95 96 153 193 191 201 222 218 229 227 226 216 212 224 225 218 217 216 218 213 218 198 208 216 205 204 208 221 221 223 219 215 213 213 213 214 209 197 194 203 197 174 118 168 186 142 156 122 112 104 92 50 45 ;
71 84 134 173 146 149 156 172 187 172 168 170 189 213 204 180 180 184 201 212 220 198 208 219 222 210 209 218 223 221 225 229 234 234 231 231 233 227 226 235 220 227 230 220 221 218 230 215 215 206 180 142 84 ;
76 73 64 30 26 45 58 63 62 54 67 68 56 53 55 66 91 77 70 86 75 76 97 117 122 103 107 122 140 141 153 159 183 200 205 205 206 204 206 219 221 217 212 212 219 200 220 208 215 216 201 188 104 ;
76 84 72 56 69 83 64 81 85 86 85 86 89 91 92 93 94 93 87 92 85 86 79 80 80 83 83 79 78 78 73 65 68 46 38 36 47 64 61 58 55 47 65 72 85 70 84 94 132 155 155 142 108 ;
83 67 75 52 109 94 85 83 100 88 83 87 87 78 82 92 91 91 88 92 90 90 87 88 91 89 85 83 86 93 93 88 92 87 89 83 76 76 77 79 88 84 79 75 98 92 81 69 53 35 18 61 101 ;
78 84 81 79 93 92 76 93 98 96 93 92 90 87 86 88 93 90 91 90 92 88 89 89 87 87 86 88 90 93 91 90 85 79 76 83 88 89 86 74 71 81 83 86 92 83 82 95 65 74 61 83 100 ;
74 78 75 60 84 89 88 97 89 92 92 87 86 87 88 84 92 89 91 86 90 84 87 87 86 89 92 94 91 87 87 88 88 89 84 93 92 89 93 84 86 78 77 75 63 84 84 54 65 88 71 70 78 ;
85 77 77 49 84 75 85 83 106 98 94 97 95 90 94 102 91 88 91 88 93 88 93 93 93 92 89 88 86 86 90 94 92 97 92 94 86 80 86 83 74 87 68 73 80 71 56 85 63 77 69 76 91 ;
72 76 69 75 78 79 78 96 94 93 92 92 93 93 96 98 93 91 93 93 94 91 94 95 95 89 83 81 85 89 89 89 96 90 86 90 92 92 90 80 85 82 75 77 71 80 72 59 62 59 54 72 108 ;
87 84 72 80 87 82 74 78 83 92 96 94 96 102 103 97 97 95 94 96 92 93 91 93 94 94 91 89 90 93 92 88 92 88 93 92 88 89 86 84 86 74 70 81 81 77 66 61 64 65 72 69 86 ;
84 87 73 79 88 94 85 82 88 88 91 95 96 94 96 99 95 96 94 99 92 94 91 94 90 97 99 92 88 91 94 95 90 85 94 91 87 91 87 89 85 91 84 78 78 72 61 58 56 57 75 64 66 ;
86 79 72 80 86 84 80 88 89 90 94 96 95 92 92 94 99 94 95 97 95 93 93 90 89 91 94 93 90 94 96 90 82 83 87 91 90 87 88 90 89 88 86 80 75 73 68 57 53 51 59 76 72 ;
82 77 75 80 92 91 86 83 86 88 92 95 94 92 90 92 98 95 95 97 94 93 94 92 90 92 94 93 90 93 93 86 75 80 85 86 85 85 87 88 83 84 85 82 77 75 69 58 51 50 66 56 92 ;
86 78 79 83 102 96 92 87 90 92 94 95 95 91 89 89 96 93 94 96 93 92 95 95 95 95 96 95 93 95 93 87 76 83 88 86 86 88 89 88 88 85 83 79 75 77 74 67 53 36 53 39 83 ;
80 73 84 96 116 97 88 82 93 94 94 96 95 94 91 90 95 93 95 96 91 91 94 95 96 94 96 96 95 98 96 90 86 88 89 89 89 90 90 89 93 88 84 80 76 77 78 72 70 36 43 51 56 ;
80 76 84 87 104 90 88 86 88 91 92 95 96 96 95 94 96 93 94 95 91 90 93 94 96 93 93 94 93 97 98 93 96 90 87 91 94 91 89 91 90 87 86 86 83 81 78 70 74 52 47 62 46 ;
81 82 84 77 88 87 91 91 90 93 94 96 96 98 98 97 97 93 95 96 92 91 93 93 98 94 94 94 93 96 98 96 99 90 86 93 96 93 91 94 94 90 89 88 87 85 83 76 67 73 66 59 51 ;
69 74 83 92 98 90 84 85 94 98 100 98 96 97 97 96 98 95 96 98 95 94 95 93 98 95 96 97 95 97 100 99 97 93 91 95 96 94 93 95 100 92 89 87 84 85 86 82 71 78 84 66 52 ;
77 66 69 91 97 82 78 95 91 96 98 96 95 95 96 98 100 95 96 99 97 96 96 93 95 93 94 96 94 95 99 98 92 93 94 95 92 92 92 92 94 90 88 88 84 83 81 76 75 62 82 71 35 ;
82 61 59 92 80 87 85 86 90 90 91 94 98 100 97 95 97 96 98 96 93 95 98 97 99 97 94 95 97 98 97 97 90 93 95 92 89 93 94 86 91 98 93 87 89 85 80 83 80 69 76 75 42 ;
77 67 66 83 76 84 84 86 92 92 92 94 96 99 98 98 98 95 95 95 93 96 97 93 96 95 94 95 95 95 93 92 88 91 94 94 90 91 90 84 89 95 91 87 89 87 81 84 89 75 77 79 51 ;
75 76 75 77 83 87 84 80 93 93 92 92 93 94 96 98 98 94 93 93 93 96 96 90 93 95 96 97 95 92 90 89 88 87 92 94 91 89 88 85 88 92 89 89 91 89 86 86 87 78 79 78 42 ;
78 79 73 69 90 92 86 80 91 92 92 91 89 91 93 96 96 93 93 93 92 94 93 88 92 95 97 97 94 91 89 89 89 85 89 92 88 87 89 91 90 91 90 90 93 92 90 88 89 86 84 80 41 ;
80 75 69 66 90 91 93 94 90 92 92 92 90 89 92 94 94 93 95 93 89 90 92 89 91 94 96 95 92 90 90 91 90 86 88 91 88 87 89 92 92 90 90 92 92 92 91 89 89 84 82 78 51 ;
81 75 78 83 96 90 93 98 91 92 92 93 91 91 92 94 92 93 96 94 88 88 92 91 90 91 92 91 89 88 90 91 90 88 92 95 90 87 88 88 92 88 89 92 90 90 91 89 78 78 82 73 51 ;