80 78 79 71 61 56 54 48 65 66 66 63 64 65 64 60 61 56 53 59 60 59 58 59 61 56 56 58 60 60 61 58 58 55 57 60 61 61 64 68 64 65 63 62 62 64 62 62 64 56 61 69 72 ;
81 77 75 70 61 56 57 54 67 67 65 61 62 64 65 65 64 61 60 63 65 60 59 61 59 54 55 57 58 59 60 58 64 63 65 65 65 65 68 71 70 70 67 65 63 65 63 63 63 55 59 67 71 ;
79 75 74 68 59 54 59 63 69 66 64 63 65 65 67 70 66 64 65 66 65 62 60 62 63 58 60 63 62 62 65 63 64 66 69 67 65 67 70 72 72 72 68 65 63 64 64 63 66 57 57 62 68 ;
77 72 71 68 59 54 62 67 68 65 66 69 71 68 68 72 68 66 66 67 66 65 65 65 67 62 65 67 66 68 70 68 63 66 69 66 64 67 71 72 70 70 67 65 66 65 65 66 68 62 59 60 64 ;
74 72 72 68 58 54 63 70 70 65 66 71 73 67 67 70 74 70 66 68 70 70 70 70 69 65 68 70 69 70 72 70 66 71 72 69 67 70 72 72 70 71 70 67 68 69 69 67 66 66 63 61 63 ;
73 71 72 68 58 58 67 68 71 68 67 70 71 67 68 71 75 71 67 67 69 71 68 67 69 65 69 71 70 70 72 71 71 74 75 73 71 71 72 73 70 70 70 68 67 68 68 66 65 71 71 68 70 ;
71 71 73 66 59 61 69 70 69 65 66 67 69 67 69 71 72 70 68 68 68 68 68 66 70 67 70 72 72 72 74 72 73 73 73 73 72 71 71 73 70 70 68 66 66 68 69 68 65 73 74 70 76 ;
69 72 72 63 57 65 73 71 61 61 65 67 70 69 71 71 70 71 71 70 69 68 68 67 69 66 69 71 70 70 73 73 74 71 71 74 74 71 71 74 72 71 68 66 66 70 72 72 66 72 70 65 73 ;
72 70 65 63 64 67 68 68 60 61 65 67 69 67 69 71 71 70 70 71 71 70 69 68 68 69 68 67 70 67 70 73 74 72 72 73 74 74 72 70 71 68 64 65 69 71 66 57 53 54 69 64 63 ;
72 69 66 61 65 67 69 66 63 63 67 69 70 69 69 70 76 75 74 73 70 67 65 64 66 69 70 71 75 70 69 71 73 72 72 72 72 71 70 68 71 70 68 67 68 67 63 58 47 43 49 53 63 ;
71 70 67 60 64 69 70 65 69 68 71 74 74 69 68 71 76 76 75 73 71 69 68 68 70 71 71 71 75 73 73 74 72 73 72 72 71 70 70 69 69 70 70 68 67 67 67 63 57 47 34 44 69 ;
70 69 66 58 62 69 71 65 71 70 74 77 76 71 72 75 75 76 76 75 73 73 74 73 71 73 72 72 77 77 77 78 74 74 75 75 73 72 71 72 67 67 67 66 66 69 73 71 72 61 27 32 62 ;
69 68 65 56 60 68 72 66 70 71 76 78 77 74 76 78 77 78 75 73 71 72 72 70 66 70 73 74 79 78 77 76 76 76 77 77 75 72 71 71 69 67 65 62 66 71 77 75 75 79 44 42 65 ;
68 67 64 57 60 67 70 67 70 74 78 79 78 79 82 80 78 78 74 71 70 72 71 68 67 71 71 69 73 75 79 81 78 78 77 76 73 71 69 69 73 70 66 62 65 68 71 67 63 82 66 66 81 ;
68 67 66 60 61 65 67 69 73 79 83 78 76 80 84 80 78 76 73 70 71 74 72 68 68 73 73 69 72 74 77 82 80 78 75 73 72 71 69 68 72 71 68 65 65 64 63 57 49 64 59 67 85 ;
67 65 63 62 60 62 65 68 74 82 85 77 75 81 82 77 83 80 76 71 72 74 71 67 61 72 79 80 80 76 73 73 81 78 74 71 72 73 74 74 69 70 72 69 66 64 59 51 51 50 41 54 79 ;
65 63 61 51 44 50 74 63 59 79 78 76 80 78 80 74 72 76 77 72 76 69 74 69 77 73 75 65 70 74 81 78 86 77 79 80 73 68 73 75 73 69 81 85 75 68 60 61 59 51 41 53 73 ;
58 63 60 33 59 56 77 70 76 84 80 87 90 76 77 82 71 72 83 79 75 70 84 75 76 74 79 79 78 73 78 78 73 75 83 83 71 65 71 73 74 70 78 75 69 74 64 60 63 47 41 54 65 ;
71 72 58 49 74 70 67 67 79 87 83 86 93 93 93 91 81 81 82 85 73 77 86 77 80 70 67 76 76 75 75 75 75 74 77 75 72 74 77 75 72 66 74 75 64 70 65 76 66 40 43 53 61 ;
80 68 75 78 59 71 96 92 82 90 89 79 80 89 91 83 68 87 66 79 81 86 67 73 90 82 80 85 75 73 73 77 86 82 81 81 82 83 86 85 86 80 88 78 69 90 74 80 74 52 61 56 77 ;
80 96 114 108 137 153 182 198 212 199 187 182 185 189 183 170 159 141 139 154 128 136 148 130 121 103 95 112 124 132 112 92 91 91 95 97 91 82 84 90 92 61 78 83 82 91 66 87 69 59 67 45 70 ;
100 100 158 197 194 199 219 212 222 221 222 213 211 223 224 218 218 218 220 214 222 202 212 219 208 206 213 223 226 225 221 217 212 212 212 213 208 196 194 204 198 176 121 172 190 147 161 126 114 104 93 53 47 ;
75 88 139 178 147 147 153 166 181 167 163 167 186 210 200 178 179 186 203 214 224 202 212 222 225 213 215 221 228 224 228 232 237 237 234 233 235 229 228 237 222 230 233 223 224 221 232 217 214 205 179 142 87 ;
77 74 64 30 24 40 51 56 55 46 61 65 53 49 52 62 89 75 68 84 75 76 96 116 123 104 107 122 140 141 152 160 188 203 210 208 210 206 208 220 222 218 213 213 220 201 219 207 211 213 200 187 108 ;
69 76 64 49 59 73 53 69 74 77 80 84 87 89 90 89 87 86 80 84 77 78 71 72 74 77 77 73 72 72 67 62 71 49 43 38 51 65 61 58 54 46 63 70 81 66 80 88 126 150 152 141 112 ;
69 53 60 37 93 74 65 63 81 72 74 81 81 75 77 84 81 77 77 78 78 76 75 76 79 76 72 70 75 81 82 80 90 86 87 81 73 73 71 73 81 77 72 68 89 83 72 61 48 31 19 64 106 ;
59 64 61 56 67 65 46 64 72 73 75 78 80 77 78 78 79 73 76 73 77 71 74 74 72 71 70 72 77 79 78 77 74 69 66 73 77 78 75 63 58 68 69 72 78 69 68 85 60 72 64 87 108 ;
55 56 55 35 56 58 54 63 58 65 69 69 71 73 74 70 79 75 77 70 74 68 71 71 70 72 75 77 76 72 72 73 74 73 71 77 77 72 79 68 71 61 61 57 46 67 68 42 61 88 73 74 84 ;
71 60 59 27 58 46 52 50 75 70 70 76 77 74 79 87 79 78 81 76 81 76 78 78 78 76 73 72 73 73 79 81 77 81 78 79 71 63 73 68 60 71 54 57 65 56 42 73 57 76 68 79 95 ;
57 61 52 54 54 52 48 66 64 66 70 73 74 75 78 82 83 82 84 81 82 77 80 79 78 72 66 64 70 74 77 74 81 74 70 74 75 76 75 64 69 65 59 60 55 65 57 46 54 52 51 71 110 ;
72 68 54 60 66 58 47 52 58 70 80 79 80 84 84 80 83 83 81 81 77 75 73 74 75 75 72 70 72 75 74 70 74 71 76 75 70 71 67 66 69 55 52 61 62 56 46 43 49 51 62 63 83 ;
67 69 55 60 68 72 62 57 66 68 73 79 81 77 79 82 81 81 78 81 74 76 71 74 68 75 77 70 68 71 75 76 72 67 76 73 69 73 67 70 64 71 65 57 58 52 42 40 39 41 63 56 63 ;
69 60 55 61 68 66 61 66 67 70 76 78 80 76 78 80 83 76 77 78 76 74 74 71 68 70 73 72 69 73 75 72 65 66 69 73 72 69 68 71 70 69 68 61 56 55 50 40 34 37 50 72 75 ;
63 58 56 61 74 73 66 63 66 67 70 75 76 76 77 79 80 75 76 78 75 74 75 73 69 71 73 72 69 72 72 65 57 63 67 68 67 67 67 68 64 65 66 64 60 59 53 41 34 36 57 55 97 ;
66 57 60 64 82 75 72 65 68 68 72 75 76 75 74 74 78 74 76 78 75 74 75 75 75 75 77 76 74 76 72 66 57 64 69 67 67 69 68 67 68 66 64 61 58 60 58 50 38 24 46 39 91 ;
58 50 64 75 96 76 66 60 68 68 70 73 75 75 75 74 76 74 76 77 73 73 76 75 76 74 76 76 76 78 77 69 67 69 70 70 70 71 69 68 73 68 65 61 58 60 61 54 55 24 38 50 64 ;
57 54 64 66 84 69 66 61 63 64 67 71 75 76 77 76 79 76 77 78 74 71 74 75 77 74 74 75 75 77 78 73 76 70 67 71 72 69 68 70 69 67 67 67 62 61 58 51 58 39 41 62 52 ;
58 60 64 56 69 66 69 66 65 66 69 72 75 77 79 78 80 76 78 79 75 74 76 73 79 75 75 75 74 77 79 76 79 70 66 73 74 71 69 73 73 69 69 69 65 64 62 57 49 59 59 57 56 ;
49 52 63 71 79 69 64 62 70 73 76 74 74 77 80 79 83 79 80 82 79 76 77 75 81 78 79 80 78 77 80 78 76 69 68 72 76 74 73 75 78 71 68 67 62 63 64 61 53 62 73 59 52 ;
59 47 52 73 79 64 60 74 69 73 76 74 74 77 79 80 84 79 80 83 81 80 78 75 77 75 77 79 77 78 79 78 71 69 70 71 72 72 72 72 74 68 67 67 64 61 59 54 55 45 70 63 33 ;
66 44 44 76 66 72 70 68 71 69 70 75 79 83 81 79 80 79 81 79 76 78 81 80 82 80 76 77 79 80 79 76 69 69 74 71 68 72 74 66 72 78 74 66 68 64 58 60 59 50 62 65 37 ;
61 51 52 69 64 71 71 71 75 74 73 75 79 82 82 81 81 78 78 78 76 79 80 76 79 78 76 77 77 77 75 71 67 67 73 73 69 71 70 64 70 76 73 68 68 66 59 61 70 57 62 70 45 ;
60 60 60 63 70 73 70 66 78 77 75 75 78 80 82 84 81 77 76 76 76 79 79 73 76 78 77 78 76 73 71 68 67 66 71 73 70 71 71 68 71 73 71 69 70 68 63 63 69 61 64 69 36 ;
62 62 57 54 76 80 72 66 75 75 74 73 74 76 79 82 79 76 76 76 75 77 76 71 75 78 78 78 75 72 70 70 69 64 68 71 70 69 72 74 73 74 74 72 74 71 69 67 71 69 72 71 37 ;
61 56 51 50 76 76 78 79 71 72 72 71 72 72 75 77 77 76 78 76 72 73 75 72 72 75 77 76 73 71 71 72 70 66 68 71 70 71 74 77 77 73 74 74 73 71 70 68 71 68 70 69 46 ;
60 55 60 67 79 74 78 82 72 72 72 72 73 73 75 77 75 76 79 77 71 71 75 74 71 72 73 72 70 69 71 72 70 68 72 75 74 71 75 75 77 73 73 74 72 71 70 68 62 64 70 65 46 ;
