11111111111111111111111111111111111111101111111111111111111111100000011111111111
11111111111111111111111111111111111111101111111111111111111111000000001111111111
11111111111111111111111111111111111111101111111111111111111110000000000011111111
11111111111111111111111111111111111111101111111111111111111110000000000011111111
11111111111111111111111111111111111111101111111111111111111100000000000011111111
11111111111111111111111111111111111111101111111111111111111000000000000111111111
11111111111111111111111111111111111111101111111111111111110000000000000111111111
11111111111111111111111111111111111111101111111111111111110000000000000111111111

00000001100000000000011111000000000000000000000001100000000111111111100011111111
00000001110000000000011111000000000000000000000001100000000111111111100011111111
00000001110000000000001111100000000000000000000001100000000111111111100111111111
00000000110000000000001111100000000000000000000001100000000111111111101111111111
00000000110000000000000111100000000000000000000001110000000111111111101111111111
00000000010000000000000111100000000000000000000001111000000011111001111110111111
00000000010000000000000111100000000000000000000001111111000011100000111110111111
00000000111100000000000011000000000000000000000001111111100011000000011111111111
00000000111100000000000010000000000000000000000011111111100010000000011111111111
11111111111110000000000000000000000000000000000111111111110000000000001111111111
11111111110000000000000000000000000110000000001111111111110000111100001110111110
11111111100000000000000000011110001111100001111111111111110000111110011111111111

11111111111111111111111111111111111111101111111111111111111111100000011111111111
11111111111111111111111111111111111111101111111111111111111111000000001111111111
11111111111111111111111111111111111111101111111111111111111110000000000011111111
11111111111111111111111111111111111111101111111111111111111110000000000011111111
11111111111111111111111111111111111111101111111111111111111100000000000011111111
11111111111111111111111111111111111111101111111111111111111000000000000111111111
11111111111111111111111111111111111111101111111111111111110000000000000111111111
11111111111111111111111111111111111111101111111111111111110000000000000111111111

00000001100000000000011111000000000000000000000001100000000111111111100011111111
00000001110000000000011111000000000000000000000001100000000111111111100011111111
00000001110000000000001111100000000000000000000001100000000111111111100111111111
00000000110000000000001111100000000000000000000001100000000111111111101111111111
00000000110000000000000111100000000000000000000001110000000111111111101111111111
00000000010000000000000111100000000000000000000001111000000011111001111110111111
00000000010000000000000111100000000000000000000001111111000011100000111110111111
00000000111100000000000011000000000000000000000001111111100011000000011111111111
00000000111100000000000010000000000000000000000011111111100010000000011111111111
11111111111110000000000000000000000000000000000111111111110000000000001111111111
11111111110000000000000000000000000110000000001111111111110000111100001110111110
11111111100000000000000000011110001111100001111111111111110000111110011111111111
11111111000000001110000000011110001111101111111111111111110000111111111111111111
00111110000000000110000000111100001111111111110111111111010000011111111111111111
00011110000000000000000000111100001111111111000001111111000000011111111111111111
00111110000000000000000000011100011111111111000000111111000000011111111111111111
11111110000000000000000000011110111111111100000000111110100000011111111111111111
11111111000000000000000000001111111111100000000011111111110001111111111111111111
01111111000000000000000000001111111111000000000111111011111111111111111111111111
01111111000000000000000000001111111111000000000111111011111111111111111111111111
00111111000011110000000000001111111111100000000111111011111111111111111111111111
00111111100011110000000000011111111111100000000011111011111111111111111111111111
00111111100001100000000000111111111111100000000011110111111111111111111111111111
00111111100001100001111111111111111111100000001110111111111111111111111111111111
00011111100001110111111111111111111111100000001101111111111111111111111111111111
00011111110011111111111111111111111111100000001111111111111111111111111111111111
00001111111111111111111111111111111111100000001111111111111111111111111111111111
00001111111111111111111111111111111111111000011111111111111111111111111111111111